Accuracy

0.7102 
0.8868 
0.9309 
0.8810 
0.9424 
0.9693 
0.9674 
0.9731 
0.9789 
0.9789 
0.9770 
0.9866 
0.9923 
0.9885 
0.9942 
0.9674 
0.9770 
0.9693 
0.9846 
0.9482 
0.9616 
0.9885 
0.9866 
0.9712 
0.9539 
0.9789 
0.9616 
0.9923 
0.9770 
0.9904 
0.9827 
0.9789 
0.9827 
0.9789 
0.9808 
0.9904 
0.9885 
0.9731 
0.9846 
0.9904 
0.9808 
0.9693 
0.9712 
0.9885 
0.9750 
0.9808 
0.9750 
0.9866 
0.9923 
0.9866 
0.9827 
0.9693 
0.9674 
0.9731 
0.9539 
0.9616 
0.9750 
0.9770 
0.9770 
0.9866 
0.9866 
0.9866 
0.9578 
0.9750 
0.9789 
0.9866 
0.9808 
0.9616 
0.9904 
0.9962 
0.9750 
0.9981 
0.9923 
0.9482 
0.9923 
0.9770 
0.9923 
0.9846 
0.9808 
0.9885 
0.9866 
0.9885 
0.9942 
0.9731 
0.9827 
0.9923 
0.9885 
0.9827 
0.9539 
0.9808 
0.9885 
0.9693 
0.9789 
0.9846 
0.9693 
0.9846 
0.9808 
0.9750 
0.9789 
0.9674 
