Loss

0.5601 
0.2604 
0.1649 
0.2977 
0.1872 
0.0814 
0.0869 
0.0758 
0.0680 
0.0496 
0.0647 
0.0500 
0.0359 
0.0593 
0.0266 
0.0611 
0.0654 
0.0695 
0.0490 
0.1192 
0.0888 
0.0399 
0.0458 
0.0639 
0.1141 
0.0518 
0.0952 
0.0395 
0.0628 
0.0361 
0.0603 
0.0684 
0.0573 
0.0575 
0.0544 
0.0460 
0.0496 
0.0914 
0.0445 
0.0357 
0.0626 
0.0803 
0.0826 
0.0424 
0.0655 
0.0734 
0.0596 
0.0392 
0.0332 
0.0461 
0.0552 
0.0639 
0.0830 
0.0714 
0.0999 
0.1042 
0.0699 
0.0656 
0.0666 
0.0525 
0.0428 
0.0434 
0.1024 
0.0631 
0.0573 
0.0522 
0.0560 
0.0881 
0.0436 
0.0320 
0.0617 
0.0386 
0.0349 
0.1244 
0.0419 
0.0647 
0.0387 
0.0585 
0.0598 
0.0441 
0.0416 
0.0489 
0.0332 
0.0832 
0.0496 
0.0373 
0.0427 
0.0660 
0.1058 
0.0687 
0.0392 
0.0727 
0.0578 
0.0455 
0.0762 
0.0441 
0.0491 
0.0714 
0.0551 
0.0884 
